30,2
30,3
3,2
3,1
3,3
10,236
10,254
10,132
10,230
10,68
10,130
10,3
9,4
9,6
8,17
8,18
8,9
8,8
8,2
8,3
35,4
35,3
35,1
34,3
34,1
33,4
33,3
33,1
32,4
32,1
30,4
30,1
28,4
28,1
20,3
20,2
20,1
19,3
19,2
19,1
12,3
12,2
12,1
11,30
11,29
11,28
11,26
11,25
11,24
11,23
11,22
11,21
11,20
11,19
11,18
11,17
11,16
11,15
11,14
11,13
11,12
11,11
18,1
11,10
18,3
11,8
11,7
14,1
11,6
14,3
11,5
11,4
13,1
11,3
13,3
11,2
11,1
10,316
10,314
10,297
10,295
10,291
10,287
10,286
10,278
10,275
10,273
10,268
10,263
10,259
10,251
10,247
10,243
10,227
10,225
10,221
10,217
10,206
10,204
10,203
10,202
10,197
10,195
10,176
10,174
